QUERY1
SELECT SUM(distance) AS sum_distance FROM `travel-sample` WHERE type ="route" group by airlineid;

RESULT1

sum_distance
81981.61544941485
87558.90060087062
42317.501052111955
54368.98405548927
5039.5407468754665
27341.08305968456
884.3925517451845
24047.338801949492
43033.61840473161
205626.8027840649
728803.2330583299
16537.39825074674
829222.0711321105
1826041.0008556838
28463.659477239846
75433.5827954445
27542.392601906504
9948.00270935243
156205.10227206541
578723.978014008
11035.84146172311
333683.0589519521
19834.89006126716
15610.64152068086
75806.20571820374
3863.0430023842196
8259.39637258818
149660.35543073673
9449.498263937072
10003.380796404901
13426.310589824769
89388.45319243445
9269.393338855503
22910.52133180999
108298.92675656719
347965.52063718165
1441.8920726312983
6768.716866562452
104201.85227114393
721869.8731022599
236.40367170215262
931702.2898796126
7202.838897956488
3321.7396689426723
22824.183329251013
7754.024808671785
436068.8215248117
334220.977498265
21643.426629709706
17397.605269237964
30958.39165668026
315440.20952022856
4471.367079901093
238272.0782529567
54288.25057275156
122715.13029431808
244740.41777237272
40901.79285909088
972013.0735107246
595.2753756507055
15605.899941894153
152926.42181282863
287425.002620116
2489022.8010356394
65270.34506022225
6420.898398278695
167326.74076888536
121250.51601142721
148891.6944762781
2570.135052669194
27458.17896180275
57579.54742930652
13290.452798740855
7356.247295205553
157871.12169602897
37138.108708921485
21282.39111024915
4479.458475295804
397384.4453576489
14244.039128167078
15045.460823631029
125427.4274931057
37755.45777020409
180718.4033116933
6568.444030668549
1582212.0541389752
38783.56054916572
13679.038197641692
64288.25887131649
95930.6657356799
161201.14867547536
20840.152833021108
3831.5170874143023
34090.50103307319
95045.33195498282
31307.482989438027
4386.57363507573
100552.60458800792
251405.39116765506
122554.48026066968
145673.5425198167
15573.23691702794
8167.341116057165
4946.46873751797
53094.665517172216
141110.5651590863
65046.67324511321
1990.1498538821877
1005425.3948668552
201035.232117343
138691.73486671568
29880.419225894788
39265.352571329306
6732.565210398121
11293.378451859882
7589.7078719181245
131577.2383141191
1073.8576632942318
39702.70550474702
392735.8777980381
5081.907077999962
19119.48837834789
12524.570256371422
5928.925428340259
345976.5620999379
586.8438761452044
158507.95890137457
24868.667281884267
1016607.16456096
23918.92717426542
51307.37474948181
168964.28317560966
74145.7025330111
6249.858393027575
34396.47557352446
1887.2901405828875
40438.571383359646
290416.19255017705
84512.45028825646
4656328.83529257
24205.29793589122
3276.5051303826995
4239.143522643578
16815.929575571783
4948.972686875322
14491.423377648525
9754.748769927317
4118778.5142756514
17261.08201137519
5123796.586820917
40698.214279087886
1601806.02943067
407.9052964293397
5470.402679962351
3347.298709253839
305193.45554586744
15219.684380615381
2802.2647632268013
11675.122046440949
122860.66435480649
125956.96138666068
4107.430795939607
624.2852036563067
196273.3095107058
12518.82782417514
15236.86567994727
1535089.8824169831
10955.535603071547
263325.1791867171
51266.77801546434
111044.59107901539
106888.27434450023
395415.7692626835
38524.79945722503
306537.7088055724
85923.3884073361
3532.454402817907
171464.71318474575
187490.70573803212
420573.88340573246
15072.967783630336
1838.7421712125422
19660.82432309835
210226.20480940468
6400.345938790037
78697.85590931853
13337.916330210839
12465.70416071858
21595.09972778486
651416.9639648107
57909.411210148486
4513.488243880396
4622.698242524582
900062.0171879347
153884.3159917341
33800.132283334584
4126.252748052769
215040.355449092
3387.4542048073135
57238.089361134626
46136.78805767621
4712.196383105612
20658.99433442741
34256.400957347636
838.0613385351664
1179337.2982080437
5449237.7818743065
231217.113878956
51217.638456344466
58875.41271258684
1053136.6248871586
68499.1529569454
12550.262050761774
10958.579585053652
